- 9
- 9 3 0 5 6
- 7 2 1 2
- 10 3 3 8 13
- 14 4 4 9 14 19
- 3 1 7
- 8 3 10 11 16
- 13 4 12 17 21 22
- 5 2 15 20
- 6 3 18 23 24


- 7
- 4 3 0 1 6
- 8 3 2 7 12
- 14 3 3 4 8
- 15 4 5 10 11 15
- 14 6 9 13 14 18 19 24
- 11 3 16 20 21
- 9 3 17 22 23


- 8
- 7 3 0 1 2
- 12 4 3 4 8 9
- 17 6 5 7 10 11 12 13
- 5 1 6
- 11 3 14 19 24
- 7 2 15 20
- 5 3 16 17 21
- 11 3 18 22 23


- 10
- 3 2 0 1
- 14 4 2 3 8 13
- 8 2 4 9
- 7 2 5 10
- 5 2 6 7
- 9 2 11 16
- 1 1 12
- 2 1 14
- 14 4 15 20 21 22
- 12 5 17 18 19 23 24


- 9
- 15 5 0 5 10 15 20
- 6 2 1 6
- 16 4 2 7 8 13
- 7 2 3 4
- 7 4 9 14 18 19
- 5 2 11 12
- 6 2 16 21
- 6 2 17 22
- 7 2 23 24


- 10
- 5 1 0
- 16 5 1 5 6 10 11
- 4 2 2 7
- 7 3 3 4 9
- 1 1 8
- 15 4 12 17 18 22
- 9 3 13 14 19
- 4 2 15 20
- 5 2 16 21
- 9 2 23 24


- 9
- 15 6 0 1 2 6 7 11
- 4 2 3 8
- 9 3 4 9 14
- 9 2 5 10
- 9 3 12 13 17
- 7 2 15 16
- 11 3 18 22 23
- 6 2 19 24
- 5 2 20 21